465 
1471 
403 
 
4 
373 
0 4820 497491 
493 
494 
495 
1 85 
1 201 
1 326 
1 486 
2 385 
2 441 
3 427 
3 445 
4 396 
5 105 
5 161 
5 182 
5 212 
5 430 
6 90 
6 106 
6 223 
7 215 
7 245 
7 412 
7 478 
8 46 
8 320 
9 118 
9 146 
9 210 
9 264 
10 45 
10 122 
10 235 
10 428 
11 128 
11 143 
11 232 
12 162 
12 214 
12 226 
12 368 
14 46 
14 48 
14 149 
14 153 
14 158 
14 232 
14 271 
14 348 
14 411 
15 337 
15 463 
16 445 
16 457 
17 30 
17 322 
17 349 
17 379 
17 461 
17 485 
18 45 
18 139 
19 75 
19 278 
19 323 
20 160 
20 228 
20 271 
20 367 
21 69 
21 137 
21 313 
21 356 
21 422 
23 60 
23 98 
23 106 
23 164 
23 335 
23 452 
24 90 
24 178 
24 481 
25 76 
25 79 
25 141 
25 150 
25 179 
25 304 
25 417 
25 430 
25 469 
26 379 
26 386 
26 446 
27 42 
27 95 
27 106 
27 201 
27 417 
28 156 
28 293 
28 386 
29 41 
29 117 
29 260 
29 275 
29 382 
29 398 
30 159 
30 162 
30 193 
30 407 
31 92 
31 106 
31 192 
31 237 
31 239 
31 310 
32 90 
32 105 
32 211 
32 313 
33 77 
33 85 
33 324 
33 376 
34 317 
34 457 
35 139 
35 453 
36 50 
36 81 
36 101 
36 162 
36 206 
36 312 
36 327 
36 486 
37 248 
37 326 
38 43 
38 201 
38 208 
38 285 
38 314 
38 328 
39 54 
39 173 
39 242 
39 277 
40 409 
40 456 
41 142 
41 213 
41 286 
42 145 
42 287 
43 91 
43 433 
44 281 
44 282 
44 398 
45 71 
45 97 
45 126 
45 251 
45 268 
45 383 
45 393 
45 410 
45 448 
46 64 
46 134 
46 192 
47 94 
47 182 
47 185 
47 192 
47 219 
47 329 
47 392 
47 461 
47 488 
48 123 
48 162 
48 172 
48 402 
48 442 
49 139 
49 425 
49 442 
49 447 
50 83 
50 176 
50 183 
50 260 
51 99 
51 114 
51 176 
51 292 
51 450 
51 464 
52 56 
52 73 
52 91 
52 194 
52 266 
52 282 
52 349 
52 391 
54 129 
54 130 
54 207 
54 378 
55 97 
55 109 
55 193 
55 198 
55 386 
56 87 
56 112 
56 141 
56 340 
56 438 
59 266 
59 331 
60 161 
60 171 
61 65 
61 128 
61 152 
61 224 
61 314 
62 203 
62 276 
62 310 
62 399 
63 100 
63 105 
63 244 
63 340 
63 468 
64 232 
64 324 
64 355 
64 361 
64 399 
65 95 
65 146 
65 193 
65 386 
65 406 
66 146 
66 397 
66 414 
66 432 
66 446 
67 361 
67 453 
68 115 
68 156 
68 175 
68 273 
68 326 
68 337 
68 382 
69 86 
69 99 
69 195 
69 212 
69 312 
70 255 
70 339 
71 75 
71 157 
71 230 
71 293 
71 470 
73 141 
73 379 
74 155 
74 274 
74 304 
74 378 
75 196 
75 405 
77 192 
77 274 
77 382 
77 397 
78 226 
78 309 
79 191 
79 192 
79 242 
79 258 
79 279 
80 81 
80 148 
80 258 
80 297 
81 273 
82 99 
82 118 
82 170 
82 301 
82 323 
82 413 
83 102 
83 128 
83 165 
83 206 
83 277 
83 278 
83 470 
84 177 
84 272 
84 286 
84 347 
85 128 
85 387 
86 185 
86 304 
86 400 
86 496 
87 295 
87 381 
87 468 
88 127 
88 136 
88 160 
88 328 
88 384 
88 438 
89 177 
89 262 
89 406 
90 104 
90 123 
90 174 
90 263 
90 439 
92 146 
93 451 
94 114 
94 175 
94 315 
94 407 
94 414 
95 135 
95 189 
95 242 
96 125 
96 126 
96 142 
96 194 
96 249 
96 279 
97 135 
97 224 
97 295 
97 345 
97 374 
97 384 
97 399 
98 222 
98 229 
98 350 
98 448 
99 317 
99 374 
100 172 
101 105 
101 197 
101 261 
102 159 
102 346 
102 441 
103 277 
105 122 
105 298 
105 343 
105 379 
106 461 
108 148 
108 172 
108 433 
109 274 
109 290 
109 477 
110 189 
110 379 
111 145 
111 172 
111 284 
112 294 
112 468 
113 297 
113 359 
114 127 
114 301 
114 311 
115 219 
116 126 
116 149 
118 148 
118 302 
118 312 
118 484 
119 309 
119 322 
119 444 
120 149 
120 218 
122 183 
122 194 
123 376 
123 476 
124 395 
124 439 
125 188 
125 223 
125 231 
125 422 
125 444 
125 484 
126 220 
126 270 
126 400 
126 456 
127 180 
127 235 
127 322 
127 363 
128 201 
128 227 
128 242 
128 344 
128 355 
128 479 
129 402 
130 166 
130 234 
130 326 
130 383 
131 159 
131 285 
131 438 
132 189 
132 367 
132 411 
132 412 
132 414 
134 146 
134 255 
134 448 
136 344 
136 393 
136 421 
136 472 
137 197 
137 274 
137 296 
137 351 
139 171 
140 303 
140 442 
141 444 
142 151 
142 191 
142 238 
142 292 
142 372 
142 391 
143 242 
143 260 
143 454 
144 346 
144 363 
145 161 
145 218 
145 270 
145 276 
146 251 
146 301 
146 374 
146 419 
147 290 
148 383 
148 477 
149 200 
150 207 
150 289 
150 351 
151 202 
151 267 
153 183 
153 252 
153 473 
154 273 
155 211 
155 224 
155 329 
155 339 
156 157 
156 492 
157 198 
157 235 
157 336 
157 472 
157 479 
158 171 
158 396 
159 299 
159 394 
159 435 
160 379 
161 438 
162 336 
162 433 
163 164 
163 283 
163 322 
163 325 
163 380 
165 170 
166 289 
167 305 
167 355 
168 303 
171 335 
171 343 
172 303 
172 336 
172 421 
173 188 
173 284 
175 193 
175 376 
175 395 
177 313 
178 251 
179 320 
180 252 
180 313 
180 382 
181 273 
182 394 
183 290 
183 386 
183 404 
186 365 
186 393 
186 406 
187 268 
188 324 
188 433 
189 221 
189 391 
190 218 
190 237 
191 219 
191 260 
192 235 
192 367 
193 195 
194 289 
194 329 
194 362 
194 411 
194 447 
195 274 
195 279 
195 297 
195 444 
196 230 
196 444 
199 249 
201 210 
202 234 
202 406 
203 250 
204 391 
204 488 
207 267 
208 228 
209 265 
210 234 
210 322 
210 365 
210 448 
210 486 
211 259 
212 256 
215 265 
216 250 
218 417 
218 476 
219 303 
219 304 
219 425 
220 359 
221 254 
221 281 
222 300 
222 384 
222 408 
222 468 
223 311 
223 374 
223 410 
224 410 
225 284 
225 301 
226 276 
226 282 
226 302 
228 429 
230 251 
230 375 
233 255 
235 452 
238 355 
241 280 
243 351 
246 323 
246 381 
249 447 
250 406 
251 358 
251 398 
251 441 
251 446 
251 473 
252 294 
253 387 
254 256 
254 293 
255 282 
255 348 
255 426 
257 430 
258 273 
258 320 
258 336 
258 375 
259 399 
259 492 
260 359 
260 452 
261 368 
262 401 
263 453 
263 455 
264 442 
265 361 
265 468 
265 490 
266 423 
267 444 
268 294 
269 351 
274 282 
274 300 
275 320 
275 321 
275 359 
275 378 
277 312 
277 340 
277 472 
277 484 
280 485 
281 305 
281 315 
281 321 
281 391 
282 297 
282 385 
283 304 
283 395 
284 295 
284 347 
285 380 
286 340 
288 293 
288 475 
290 333 
290 394 
291 410 
293 394 
294 328 
297 390 
299 466 
300 406 
300 441 
302 357 
302 418 
303 326 
311 422 
313 318 
313 351 
315 413 
315 468 
316 372 
317 428 
320 366 
323 375 
323 440 
325 405 
327 391 
327 470 
328 375 
329 413 
329 438 
337 375 
339 470 
346 398 
346 455 
347 414 
351 408 
353 354 
353 482 
354 395 
355 452 
365 374 
367 407 
368 486 
372 398 
374 446 
378 439 
378 457 
383 414 
388 407 
400 408 
400 413 
402 421 
402 477 
405 425 
413 417 
413 441 
413 458 
415 454 
437 472 
437 476 
438 489 
464 496 
0 1 80 
1 2 292 
3 9 211 
5 8 302 
6 8 344 
7 18 32 
7 18 47 
8 9 83 
9 12 15 
9 12 95 
14 18 47 
14 18 161 
14 18 249 
15 74 140 
16 17 221 
16 17 436 
20 22 267 
21 31 44 
21 31 171 
24 31 388 
28 35 330 
28 35 368 
29 40 124 
29 40 257 
30 125 143 
32 33 125 
34 39 145 
35 41 155 
36 62 352 
37 62 72 
40 43 257 
40 43 378 
41 78 136 
43 63 64 
43 63 128 
43 63 378 
43 63 429 
44 124 167 
44 124 219 
49 66 72 
49 66 261 
55 56 127 
56 68 476 
59 62 72 
59 62 171 
59 62 251 
62 63 255 
63 64 376 
64 66 81 
64 66 436 
66 72 144 
67 82 109 
69 249 378 
70 72 144 
72 86 335 
78 97 186 
79 103 282 
83 155 266 
84 202 252 
89 249 405 
93 102 265 
94 124 186 
95 124 134 
95 124 167 
95 124 256 
100 102 265 
101 124 317 
102 137 265 
103 117 249 
109 126 257 
110 124 251 
127 143 269 
128 163 284 
130 132 249 
132 141 249 
133 141 249 
136 155 415 
137 254 265 
142 150 186 
147 249 345 
150 186 263 
150 186 288 
152 167 249 
153 250 296 
163 202 345 
173 186 267 
186 187 263 
186 187 460 
186 187 472 
189 266 360 
190 265 281 
193 196 257 
214 259 315 
215 257 376 
218 249 345 
219 249 296 
251 253 261 
266 311 360 
280 284 391 
282 380 410 
283 321 388 
343 360 436 
0 2 307 
0 2 437 
2 4 160 
3 10 36 
3 10 37 
5 16 262 
5 16 421 
7 25 102 
7 25 156 
8 11 107 
9 15 124 
12 15 250 
14 24 41 
15 124 132 
17 24 88 
18 32 141 
22 33 281 
23 124 311 
25 31 269 
26 124 258 
28 47 290 
29 124 125 
29 124 253 
30 143 316 
32 36 62 
32 36 179 
34 62 72 
38 124 125 
40 66 257 
40 66 269 
40 66 378 
40 66 392 
40 66 438 
41 136 155 
43 64 408 
48 71 312 
49 70 72 
49 70 261 
51 63 376 
56 94 128 
56 94 296 
59 72 202 
59 72 253 
62 66 72 
62 66 171 
62 66 277 
65 82 253 
79 114 282 
84 250 289 
94 128 186 
94 128 284 
95 134 285 
100 265 374 
103 141 249 
109 138 249 
124 132 249 
128 186 343 
140 153 250 
140 153 256 
141 249 437 
148 234 311 
155 159 313 
158 250 319 
175 253 280 
219 255 383 
280 297 391 
288 374 436 
0 3 287 
2 8 109 
2 8 302 
3 20 30 
3 20 41 
5 19 262 
7 32 33 
7 32 80 
7 32 124 
7 32 394 
9 16 196 
13 35 55 
13 35 275 
14 26 124 
16 27 164 
18 43 249 
20 30 125 
23 132 141 
23 132 254 
23 132 379 
24 35 41 
29 125 266 
30 153 296 
31 35 159 
32 43 378 
32 43 429 
34 68 145 
35 55 150 
36 302 319 
37 70 105 
38 125 282 
39 63 211 
40 113 378 
43 92 343 
47 74 140 
47 74 290 
48 159 374 
49 72 335 
53 79 298 
63 93 128 
63 93 382 
64 103 141 
65 127 249 
66 93 171 
66 93 267 
67 125 280 
79 126 266 
97 257 291 
98 382 409 
100 311 444 
125 203 282 
129 242 252 
132 163 485 
133 249 345 
144 161 281 
148 249 251 
202 288 436 
255 300 305 
0 4 50 
0 4 287 
1 5 476 
3 24 255 
5 26 302 
5 26 382 
6 17 284 
6 17 436 
8 16 107 
8 16 289 
8 16 343 
10 24 103 
11 55 79 
11 55 124 
14 33 55 
14 33 268 
15 140 250 
16 31 262 
16 31 278 
18 47 258 
18 47 281 
22 62 94 
22 62 283 
28 70 249 
28 70 330 
29 163 337 
30 222 296 
32 49 210 
33 55 79 
33 55 125 
33 55 383 
35 63 174 
37 72 253 
39 65 76 
40 124 352 
41 144 155 
43 128 249 
43 128 343 
47 93 102 
49 97 312 
49 97 359 
56 128 405 
62 78 169 
64 109 126 
64 109 236 
65 132 343 
67 130 249 
67 130 257 
68 174 311 
72 144 333 
79 163 202 
82 157 438 
93 128 249 
94 152 296 
109 249 405 
113 311 378 
125 251 282 
128 249 405 
133 254 277 
142 201 304 
159 323 374 
0 5 390 
1 10 72 
3 30 296 
6 18 121 
6 18 161 
6 18 220 
7 39 48 
9 21 157 
16 32 52 
17 63 128 
18 70 72 
19 80 95 
20 33 125 
22 68 220 
23 254 280 
31 39 278 
31 39 290 
32 52 186 
37 76 218 
38 173 267 
40 141 190 
43 131 249 
43 131 343 
59 251 253 
68 202 330 
72 156 280 
79 202 378 
82 253 261 
93 132 249 
109 257 273 
132 175 249 
132 175 265 
148 311 438 
157 311 438 
250 279 319 
0 6 73 
1 12 15 
2 16 103 
2 16 350 
3 31 171 
5 35 249 
5 35 284 
7 47 102 
7 47 266 
7 47 283 
8 19 180 
8 19 377 
9 35 141 
9 35 150 
9 35 159 
10 33 40 
10 33 311 
13 64 408 
13 64 448 
14 47 202 
17 68 88 
31 40 152 
31 40 257 
31 40 392 
32 59 62 
32 59 202 
43 249 378 
49 136 359 
53 155 168 
62 94 371 
64 126 169 
66 138 360 
78 140 382 
86 269 280 
93 157 249 
128 259 416 
155 218 249 
155 218 266 
251 282 452 
0 8 407 
1 13 448 
2 19 151 
3 33 55 
3 33 251 
4 19 95 
6 38 130 
6 38 273 
8 24 88 
8 24 222 
9 39 211 
9 39 290 
9 39 469 
11 79 282 
11 79 378 
13 129 406 
14 55 124 
16 49 70 
16 49 128 
16 49 205 
16 49 312 
17 70 202 
19 101 400 
24 66 81 
24 66 138 
24 66 267 
31 44 124 
31 44 288 
34 280 391 
35 93 249 
40 190 352 
48 281 312 
62 102 265 
63 127 376 
64 140 141 
64 140 391 
66 140 267 
66 140 269 
94 296 371 
109 273 405 
133 277 375 
0 9 286 
0 9 409 
2 22 135 
3 36 319 
6 42 436 
9 48 159 
14 86 124 
17 86 436 
25 95 158 
28 243 249 
31 57 251 
43 343 378 
47 125 266 
47 125 280 
49 205 359 
51 164 186 
62 113 187 
86 288 436 
124 147 249 
125 282 380 
126 266 442 
128 284 390 
0 11 378 
2 23 39 
2 23 280 
4 25 94 
6 57 99 
8 32 222 
10 37 72 
10 37 249 
13 137 285 
14 124 249 
14 124 253 
20 51 125 
32 80 179 
35 124 330 
37 218 374 
38 311 409 
39 135 440 
43 378 424 
51 186 273 
62 124 352 
64 155 168 
70 202 330 
97 380 390 
132 254 343 
2 24 103 
2 24 138 
5 78 97 
5 78 382 
6 64 436 
7 124 133 
8 33 83 
8 33 344 
8 33 353 
10 40 257 
10 40 378 
18 121 249 
19 162 308 
20 53 267 
31 64 168 
31 64 476 
35 125 282 
39 142 440 
40 270 289 
62 126 169 
62 126 283 
66 159 313 
78 186 219 
2 31 168 
2 31 392 
5 81 413 
6 70 124 
6 70 273 
9 90 261 
10 48 288 
13 175 280 
16 68 205 
16 68 220 
16 68 330 
18 127 143 
20 62 148 
22 138 249 
22 138 283 
25 129 158 
31 68 476 
33 125 251 
63 142 304 
66 164 235 
66 164 267 
66 164 470 
78 219 249 
93 210 249 
0 16 191 
0 16 431 
1 21 320 
2 33 125 
3 59 171 
3 59 251 
4 33 74 
4 33 157 
4 33 251 
4 33 256 
5 97 179 
5 97 271 
5 97 390 
9 95 124 
9 95 261 
9 95 282 
9 95 286 
12 62 255 
18 130 374 
19 186 262 
20 63 382 
22 155 249 
35 141 249 
47 144 281 
62 136 353 
136 257 273 335 
1 24 234 
1 24 317 
2 39 76 
9 124 352 
17 167 249 
32 124 179 
33 157 311 
35 150 186 
47 202 436 
62 140 193 
66 172 189 
66 172 436 
67 281 317 
93 249 421 
124 186 219 
124 186 352 
2 41 143 
2 41 155 
3 67 224 
3 67 251 
3 67 396 
6 97 179 
6 97 257 
10 72 95 
10 72 280 
12 75 133 
17 202 436 
18 141 249 
19 194 219 
20 84 267 
22 220 375 
31 72 95 
33 197 281 
35 155 159 
35 155 160 
35 155 275 
62 148 171 
62 148 251 
66 189 360 
0 19 80 
0 19 431 
1 26 345 
2 48 328 
4 50 220 
4 50 283 
9 141 286 
14 24 33 86 
16 93 107 
16 93 128 
16 93 421 
21 79 202 436 
31 74 290 
70 296 371 
124 219 249 
0 20 50 
0 20 198 
0 20 266 
1 39 145 
3 94 124 
3 94 128 
3 94 296 
4 51 210 
5 165 304 
6 121 192 
8 59 253 
9 144 150 
10 95 286 
13 280 363 
14 24 47 253 
18 161 258 
18 161 281 
18 161 285 
20 113 254 
32 132 141 
63 251 378 
63 251 382 
66 250 392 
2 63 304 
3 96 255 
5 179 262 
6 124 147 
6 124 179 
8 63 377 
10 103 249 
20 125 266 
31 95 124 
31 95 285 
31 95 286 
32 140 141 
32 140 267 
35 174 311 
124 234 311 
0 22 111 
2 76 160 
4 62 94 
4 62 283 
4 62 352 
5 187 472 
8 66 360 
10 109 236 
10 109 249 
10 109 257 
10 109 424 
12 133 254 
18 197 281 
20 140 382 
22 283 438 
51 67 125 251 
53 79 126 280 
62 171 256 
124 249 413 
4 63 218 
6 130 132 
18 220 249 
20 148 438 
37 70 218 249 
63 280 306 
0 25 87 
1 63 118 
2 79 103 
3 128 163 
3 128 405 
4 70 218 
6 132 264 
6 132 323 
12 155 313 
12 155 415 
16 124 312 
31 124 206 
31 124 397 
62 193 255 
66 261 269 
124 253 423 
0 26 315 
2 82 109 
2 82 253 
5 220 249 
8 83 155 
20 186 263 
62 251 277 
1 70 72 
1 70 80 
1 70 320 
4 82 142 
5 249 413 
5 249 421 
12 186 263 
16 128 343 
16 128 364 
66 269 280 
67 159 251 378 
0 28 110 
1 71 125 
1 71 320 
4 91 165 
8 89 249 
13 18 130 249 
16 143 316 
16 143 421 
18 272 382 
19 20 186 219 
47 374 436 
67 159 280 378 
0 31 286 
1 72 156 
1 72 166 
2 109 126 
2 109 138 
2 109 269 
2 109 273 
2 109 480 
6 179 262 
17 18 70 249 
18 281 317 
35 300 311 
35 300 440 
124 265 413 
1 78 458 
2 113 378 
4 94 186 
5 265 290 
5 265 413 
31 140 260 
62 277 375 
93 128 186 187 
1 80 359 
4 95 256 
5 271 290 
10 249 413 
10 249 454 
16 155 275 
22 32 93 267 
31 149 290 
66 360 436 
67 249 251 378 
0 34 452 
5 284 390 
5 284 413 
6 220 265 
8 113 187 
10 250 257 
10 250 280 
32 292 405 
70 152 249 296 
0 35 112 
0 35 298 
0 35 407 
0 35 440 
1 93 171 
3 252 329 
6 230 288 
10 257 291 
12 255 263 
31 159 251 
31 159 280 
0 37 62 
0 37 253 
2 128 327 
4 119 257 
8 133 257 
10 265 413 
12 263 311 
16 191 312 
0 39 407 
0 39 440 
1 124 234 
1 124 317 
1 124 397 
2 129 158 
6 257 273 
8 140 153 
8 140 260 
10 280 332 
12 265 313 
16 196 284 
0 47 202 
0 47 266 
0 47 307 
1 125 145 
8 144 302 
35 51 55 125 
0 48 71 
0 48 208 
0 48 252 
0 48 272 
6 264 280 
8 152 176 
8 152 377 
66 72 125 280 
0 49 165 
4 157 165 
8 153 311 
10 291 382 
18 32 43 257 
0 50 132 
0 50 311 
3 329 396 
10 311 360 
10 311 378 
16 250 289 
16 250 381 
31 210 249 
31 210 288 
8 176 187 
8 176 259 
22 93 220 249 
35 55 124 125 
0 53 134 
2 143 269 
2 143 374 
4 186 352 
62 63 124 256 
0 57 204 
0 57 375 
1 156 292 
8 187 460 
17 117 128 249 
18 47 143 374 
31 252 260 
35 63 64 141 
0 58 78 
2 155 160 
2 155 168 
2 155 392 
6 288 436 
9 16 124 157 
10 378 424 
16 265 289 
0 62 371 
2 158 250 
5 8 16 284 
6 298 364 
16 274 383 
6 323 344 
16 275 345 
66 159 280 378 
0 64 236 
0 64 335 
0 64 384 
1 175 253 
1 175 265 
18 78 98 382 
124 133 157 249 
0 65 127 
4 251 367 
5 8 67 249 
18 78 127 249 
0 66 154 
0 66 438 
1 187 279 
2 186 273 
2 186 336 
5 8 78 249 
10 13 35 249 
10 13 35 311 
20 31 125 288 
0 67 286 
3 10 24 33 
10 13 130 249 
16 311 393 
31 278 285 
0 68 165 
1 205 359 
31 280 305 
0 71 163 
3 10 78 280 
2 250 392 
5 16 51 164 
6 8 38 78 
6 8 38 124 
32 93 186 267 
62 94 124 136 
0 78 111 
10 16 17 250 
0 80 315 
8 311 360 
16 343 436 
35 124 155 249 
124 155 249 405 
0 86 181 
2 269 328 
10 16 103 311 
0 87 177 
5 16 220 265 
62 124 140 256 
124 157 167 249 
124 157 167 311 
0 93 204 
1 265 320 
8 343 360 
31 321 388 
0 98 155 
0 98 409 
6 8 280 284 
0 101 254 
0 101 335 
1 279 317 
1 279 319 
12 17 33 55 
18 141 190 281 
0 110 198 
0 110 250 
1 284 448 
0 111 144 
0 111 311 
4 5 16 220 
6 10 17 265 
20 62 113 140 
10 17 24 250 
0 126 331 
6 10 130 257 
10 17 63 378 
0 127 194 
0 127 335 
0 127 419 
10 17 249 378 
0 129 315 
6 10 265 288 
20 72 86 280 
0 132 149 
0 132 181 
3 31 124 251 
0 134 238 
0 134 257 
0 134 285 
0 134 321 
3 31 128 251 
3 31 128 390 
12 24 255 267 
16 17 128 274 
16 17 128 284 
20 72 253 280 
0 136 191 
0 136 351 
4 10 13 130 
4 10 13 280 
0 140 315 
5 65 132 249 
10 24 35 186 
31 32 210 390 
0 144 333 
6 17 18 70 
0 149 383 
0 154 254 
0 155 266 
3 37 105 319 
4 10 63 142 
4 10 63 280 
8 11 124 133 
20 125 254 280 
0 163 202 
4 10 95 142 
10 28 35 63 
10 28 35 249 
4 10 130 186 
4 10 130 257 
10 28 63 78 
31 34 72 280 
0 177 462 
4 10 142 186 
6 18 130 257 
10 28 78 249 
2 3 24 41 
0 186 321 
2 3 31 128 
16 31 70 124 
16 31 70 152 
10 35 155 249 
16 31 78 152 
2 3 41 78 
31 35 71 125 
16 31 128 251 
31 35 124 125 
31 35 124 249 
0 194 375 
2 3 128 480 
0 198 390 
0 198 409 
4 12 31 95 
8 16 47 113 
10 63 78 280 
10 63 78 382 
1 2 78 166 
4 12 39 142 
8 16 78 152 
10 63 280 378 
20 31 72 125 280 
31 37 70 72 
31 37 70 249 
31 37 70 252 
1 2 125 288 
8 16 113 311 
31 37 72 125 
2 4 16 82 
4 12 95 142 
0 250 296 
0 250 314 
4 12 142 186 
4 12 142 188 
0 252 404 
6 78 97 280 
4 13 62 130 
31 39 40 269 
16 47 125 143 
0 265 266 
8 18 78 249 
0 272 319 
16 47 251 258 
16 47 251 436 
16 47 251 452 
31 40 124 270 
1 3 10 24 
1 3 10 78 
4 16 31 70 
4 16 31 251 
2 8 12 133 
0 287 374 
1 3 55 124 
1 3 55 252 
2 8 16 113 
4 16 51 251 
16 51 125 251 
0 288 316 
0 288 409 
4 16 62 157 
0 296 371 
1 3 124 251 
31 63 124 251 
1 3 171 296 
4 16 93 220 
31 63 128 251 
0 311 378 
0 311 409 
2 8 113 140 
2 8 124 133 
0 315 398 
1 3 296 359 
0 316 332 
8 32 59 257 
1 4 10 13 
1 4 10 360 
16 70 124 144 
16 70 124 330 
31 70 72 202 
16 70 152 331 
31 70 124 249 
2 12 13 269 
31 70 152 249 
31 70 202 252 
6 10 57 78 280 
16 93 157 265 
16 93 220 265 
0 378 443 
0 383 407 
8 38 124 311 
0 390 437 
4 25 31 95 
31 74 140 269 
8 47 113 140 
31 78 97 280 
4 31 32 210 
16 124 157 311 
1 5 16 164 
1 5 16 205 
1 5 16 284 
16 124 251 258 
2 13 140 269 
4 31 39 70 
31 78 152 249 
1 5 65 249 
2 13 269 280 
4 31 63 251 
1 5 78 249 
4 31 70 74 
4 31 70 252 
2 16 31 128 
31 97 257 390 
2 16 62 113 
2 16 124 330 
2 16 125 143 
31 124 249 251 
0 1 3 296 
31 124 251 259 
1 10 13 249 
0 1 5 26 
0 1 5 65 
0 1 5 187 
1 10 16 78 
1 10 16 155 
1 10 16 205 
8 67 109 249 
8 67 109 257 
1 10 17 249 
1 10 24 345 
4 32 93 210 
1 10 63 78 
1 10 63 288 
1 10 78 186 
1 10 78 249 
0 1 20 254 
1 10 155 249 
8 78 152 249 
0 1 21 78 
0 1 21 375 
16 31 32 124 125 
31 128 249 251 
31 128 251 259 
0 1 25 26 
0 1 25 71 
0 1 26 126 
1 10 249 345 
16 31 124 125 251 
0 1 39 65 
0 1 39 319 
0 1 47 140 
0 1 62 375 
8 124 133 249 
8 124 133 259 
4 39 63 142 
1 12 13 55 
2 22 138 158 
0 1 71 140 
0 1 71 319 
1 12 16 205 
4 39 93 104 
8 124 155 249 
0 1 78 254 
1 12 17 55 
8 124 227 253 
16 62 124 157 265 
4 51 63 251 
2 23 124 132 
4 53 62 256 
4 62 63 256 
31 269 280 332 
0 1 252 375 
1 13 55 252 
4 63 142 188 
2 31 125 280 
2 31 125 288 
0 1 319 374 
1 13 175 249 
2 31 140 269 
2 31 269 280 
1 15 124 140 
2 33 79 126 
1 16 17 284 
0 2 8 327 
0 2 8 398 
0 2 12 87 
2 39 63 135 
0 2 16 383 
1 16 70 124 
0 2 19 190 
0 2 19 250 
0 2 22 33 
0 2 22 87 
0 2 22 327 
0 2 22 374 
0 2 33 126 
0 2 33 383 
0 2 39 48 
0 2 48 62 
2 62 113 140 
2 62 126 380 
0 2 126 327 
0 2 126 398 
0 2 129 204 
0 2 140 250 
1 17 70 249 
4 10 17 24 33 
0 2 195 327 
0 2 204 253 
1 20 72 125 
1 20 72 253 
1 20 125 254 
1 20 125 288 
1 20 140 267 
2 79 126 280 
1 20 186 267 
2 79 280 378 
2 124 125 380 
0 3 9 78 
0 3 9 319 
0 3 20 33 
0 3 20 163 
1 21 171 375 
0 3 33 65 
0 3 37 319 
0 3 65 132 
0 3 67 252 
0 3 67 280 
0 3 132 163 
0 3 132 252 
1 24 267 319 
1 25 26 156 
4 16 82 93 157 
0 4 5 165 
0 4 12 188 
1 26 155 156 
2 128 186 288 
0 4 16 101 
2 138 158 160 
0 4 32 33 
0 4 32 429 
0 4 34 62 
1 47 251 253 
0 4 51 63 
0 4 51 186 
0 4 53 62 
0 4 53 280 
1 55 124 125 
0 4 63 188 
0 4 63 314 
0 4 63 429 
2 190 265 410 
2 265 380 410 
1 62 171 375 
0 5 8 67 
0 5 8 187 
0 5 16 250 
0 5 19 250 
0 5 34 132 
0 5 35 51 
0 5 51 67 
0 5 51 132 
0 5 65 132 
0 5 67 335 
1 70 93 249 
0 5 132 165 
0 5 132 265 
1 70 124 249 
1 70 249 296 
0 5 187 335 
1 70 252 375 
1 71 140 267 
1 71 267 319 
0 6 8 398 
0 6 17 18 
0 6 17 265 
0 6 18 190 
0 6 18 272 
0 6 20 140 
0 6 20 190 
0 6 20 288 
0 6 20 398 
0 6 64 398 
0 6 140 298 
0 6 190 265 
0 6 265 272 
0 6 265 288 
1 124 155 249 
0 8 12 67 
1 124 249 251 
1 124 251 253 
0 8 18 19 
0 8 18 47 
0 8 18 311 
0 8 24 187 
0 8 32 419 
0 8 34 280 
0 8 47 140 
1 140 265 267 
0 8 66 140 
0 8 66 144 
0 8 66 257 
0 8 66 280 
0 8 67 257 
0 8 67 280 
0 8 124 259 
1 164 186 267 
2 12 31 39 269 
0 8 253 440 
0 8 257 327 
0 8 280 321 
2 16 31 124 125 
0 9 12 39 
0 9 21 78 
0 9 35 124 
0 9 35 282 
0 9 39 48 
0 9 39 282 
0 9 39 308 
0 9 39 319 
0 9 78 136 
0 9 124 136 
2 31 63 128 288 
0 11 22 62 
0 11 28 78 
0 11 39 282 
0 11 62 78 
0 11 62 124 
0 12 13 311 
0 12 16 331 
2 62 124 265 380 
0 12 58 93 
0 12 58 311 
0 12 155 163 
1 2 16 124 125 
0 12 188 311 
0 12 311 438 
0 13 18 285 
0 13 18 311 
0 13 20 280 
0 13 35 64 
0 13 35 311 
0 13 64 140 
0 16 17 68 
0 16 27 32 
0 16 47 101 
0 16 47 452 
0 16 101 124 
1 4 10 16 17 
1 4 10 17 24 
1 4 10 17 63 
0 17 24 315 
1 4 10 24 186 
0 17 33 126 
0 17 63 378 
0 17 68 202 
0 17 126 250 
0 17 202 315 
0 17 202 378 
0 18 19 190 
0 18 32 285 
0 18 47 374 
0 18 47 452 
0 18 78 98 
0 18 78 136 
1 4 16 17 70 
0 18 98 374 
0 18 110 374 
1 4 16 62 251 
1 4 16 70 93 
0 18 136 257 
0 18 136 452 
0 18 282 452 
0 19 20 33 
0 19 20 186 
0 19 20 190 
0 19 21 34 
1 4 39 70 93 
1 4 62 63 251 
0 19 190 308 
1 4 70 93 252 
0 20 22 33 
0 20 22 62 
0 20 22 438 
0 20 27 33 
0 20 31 140 
0 20 33 86 
1 10 16 17 265 
0 20 51 63 
0 20 51 186 
1 10 16 265 345 
0 20 53 62 
0 20 53 280 
0 20 62 405 
0 20 86 280 
1 10 24 186 187 
1 10 186 265 288 
0 20 253 280 
0 21 31 34 
0 21 31 78 
0 21 31 202 
0 22 32 33 
0 22 32 62 
0 22 32 87 
0 22 32 93 
0 22 32 438 
0 22 33 34 
0 22 33 375 
1 12 24 186 267 
0 22 34 62 
0 22 34 68 
0 22 62 375 
0 22 93 374 
0 24 31 35 
0 24 31 259 
0 24 35 186 
0 24 35 315 
0 24 47 452 
0 24 49 315 
0 24 66 252 
1 16 47 125 251 
1 16 62 124 251 
0 24 405 452 
0 25 26 31 
0 25 31 71 
0 25 31 98 
1 16 124 125 251 
0 26 31 124 
0 27 32 33 
1 20 62 72 86 
0 28 35 63 
0 28 47 253 
0 28 63 78 
0 28 78 136 
0 31 32 202 
0 31 32 285 
0 31 35 71 
0 31 37 64 
0 31 37 194 
0 31 37 259 
0 31 68 202 
0 31 71 140 
0 31 71 194 
0 31 78 98 
0 31 78 136 
0 31 124 136 
0 31 124 259 
0 31 124 332 
0 31 129 321 
1 62 63 124 251 
0 31 136 257 
0 31 149 280 
0 31 202 252 
0 31 202 259 
0 31 202 288 
0 31 311 390 
0 32 33 65 
0 32 65 132 
0 32 80 132 
0 32 93 132 
0 32 124 132 
0 32 124 186 
0 32 202 378 
0 32 390 438 
0 32 405 429 
0 33 65 311 
0 35 51 63 
0 35 51 186 
0 35 63 93 
0 35 93 186 
0 35 93 282 
0 35 124 134 
0 35 124 186 
0 35 155 282 
0 35 311 315 
0 37 64 319 
0 37 259 319 
0 37 319 374 
0 39 93 282 
0 39 93 347 
0 39 250 319 
0 39 315 319 
0 47 65 132 
0 47 93 132 
0 47 93 280 
1 12 93 186 265 267 
0 49 66 136 
0 49 136 335 
0 51 63 78 
0 51 63 126 
0 51 78 186 
0 51 126 186 
0 53 57 280 
0 53 62 126 
0 53 62 155 
0 53 62 298 
0 53 126 259 
0 53 126 280 
0 58 266 311 
0 62 66 136 
0 62 66 140 
0 62 78 136 
0 62 136 375 
0 62 140 308 
0 63 64 126 
0 63 78 127 
0 63 127 188 
0 64 66 140 
0 64 126 398 
0 66 93 252 
0 66 93 257 
0 66 93 280 
0 66 136 257 
0 66 140 250 
0 66 250 257 
0 66 250 280 
0 66 280 378 
0 67 198 378 
0 67 257 335 
0 67 280 378 
0 86 257 335 
0 86 257 390 
0 93 132 252 
0 93 132 265 
0 93 187 347 
0 93 187 351 
0 110 124 374 
0 124 134 265 
0 126 250 257 
0 126 250 259 
0 126 250 266 
0 126 257 327 
0 127 202 315 
0 136 257 335 
0 190 265 405 
0 202 259 315 
0 250 319 351 
0 257 327 335 
0 311 315 390 
0 311 390 438 
0 327 335 409 
0 1 2 3 24 
0 1 2 3 78 
0 1 2 3 124 
0 1 2 3 190 
0 1 2 63 288 
0 1 2 78 186 
0 1 2 126 186 
0 1 2 126 190 
0 1 2 190 265 
0 1 3 20 190 
0 1 3 24 252 
0 1 3 24 319 
0 1 3 65 190 
0 1 4 5 16 
0 1 4 5 129 
0 1 4 16 25 
0 1 4 17 63 
0 1 4 24 252 
0 1 4 25 129 
0 1 4 93 252 
0 1 5 16 78 
0 1 5 16 265 
0 1 5 265 288 
0 1 12 24 47 
0 1 12 254 265 
0 1 17 24 86 
0 1 17 63 126 
0 1 20 39 63 
0 1 20 62 63 
0 1 20 62 86 
0 1 20 63 288 
0 1 20 186 253 
0 1 24 47 253 
0 1 24 86 186 
0 1 24 186 187 
0 1 26 124 155 
0 1 47 65 253 
0 1 47 93 374 
0 1 62 126 187 
0 1 62 140 298 
0 1 86 124 186 
0 1 93 186 187 
0 1 93 265 374 
0 1 126 186 187 
0 2 3 24 31 
0 2 3 24 33 
0 2 3 31 124 
0 2 3 124 132 
0 2 4 13 280 
0 2 4 19 33 
0 2 4 19 129 
0 2 4 19 186 
0 2 4 31 129 
0 2 8 16 78 
0 2 8 19 33 
0 2 8 24 253 
0 2 8 63 124 
0 2 8 78 140 
0 2 8 124 140 
0 2 8 124 253 
0 2 8 253 280 
0 2 12 16 250 
0 2 12 24 250 
0 2 12 39 250 
0 2 16 31 78 
0 2 16 31 124 
0 2 22 62 155 
0 2 24 250 253 
0 2 31 63 124 
0 2 31 63 288 
0 2 31 78 140 
0 2 31 124 140 
0 2 48 288 374 
0 2 63 126 280 
0 2 63 280 378 
0 2 124 132 265 
0 2 126 250 280 
0 2 250 253 280 
0 3 9 124 405 
0 3 20 31 280 
0 3 20 190 405 
0 3 24 31 252 
0 3 24 252 405 
0 3 31 37 252 
0 3 31 37 390 
0 4 5 16 51 
0 4 5 19 34 
0 4 5 19 129 
0 4 5 19 194 
0 4 12 31 194 
0 4 16 25 31 
0 4 16 25 51 
0 4 16 31 32 
0 4 16 32 62 
0 4 16 32 93 
0 4 16 32 316 
0 4 19 33 34 
0 4 19 101 129 
0 4 24 31 252 
0 4 25 31 129 
0 4 31 32 129 
0 4 31 32 257 
0 4 31 34 39 
0 4 31 34 280 
0 4 31 129 252 
0 4 32 93 186 
0 4 32 93 257 
0 4 63 93 280 
0 5 8 16 78 
0 5 8 19 34 
0 5 16 51 78 
0 6 8 11 78 
0 6 8 11 124 
0 6 8 18 78 
0 6 8 18 257 
0 6 8 78 140 
0 6 8 124 140 
0 6 18 78 127 
0 6 20 254 280 
0 6 64 124 140 
0 6 78 127 254 
0 6 78 254 280 
0 6 124 132 265 
0 6 124 140 265 
0 6 132 254 265 
0 8 9 12 16 
0 8 9 16 78 
0 8 9 144 187 
0 8 12 16 47 
0 8 12 16 311 
0 8 12 24 47 
0 8 12 33 311 
0 8 16 25 49 
0 8 16 32 49 
0 8 16 32 124 
0 8 16 47 49 
0 8 16 47 144 
0 8 16 124 311 
0 8 18 32 257 
0 8 19 33 34 
0 8 24 33 49 
0 8 24 47 49 
0 8 24 47 253 
0 8 24 49 66 
0 8 24 66 259 
0 8 32 33 49 
0 8 32 33 112 
0 8 32 124 140 
0 8 33 34 311 
0 8 47 253 280 
0 9 12 16 17 
0 12 16 17 250 
0 12 16 31 311 
0 12 17 24 250 
0 16 31 32 124 
0 16 31 68 311 
0 16 31 124 311 
0 16 32 62 124 
0 17 24 33 86 
0 20 31 39 63 
0 20 31 63 280 
0 20 31 63 288 
0 24 66 250 259 
0 24 250 259 319 
0 24 259 315 319 
0 31 32 124 140 
0 31 32 257 390 
0 31 34 39 347 
0 31 34 68 311 
0 31 35 124 311 
0 31 57 78 280 
0 31 64 124 140 
0 31 280 321 332 
0 32 62 124 140 
0 32 62 124 405 
0 35 64 124 155 
0 62 124 136 155 
0 62 124 155 405 
0 62 124 265 405 
0 1 2 4 12 39 
0 1 2 4 13 129 
0 1 2 4 16 384 
0 1 2 4 39 63 
0 1 2 4 62 63 
0 1 2 12 186 265 
0 1 2 13 62 140 
0 1 2 16 62 78 
0 1 2 24 186 253 
0 1 2 62 63 78 
0 1 2 62 63 124 
0 1 2 62 63 126 
0 1 2 62 78 140 
0 1 2 124 186 253 
0 1 2 124 186 265 
0 1 2 124 265 374 
0 1 2 186 265 288 
0 1 2 265 288 374 
0 1 4 12 16 17 
0 1 4 12 16 93 
0 1 4 12 17 24 
0 1 4 12 39 93 
0 1 4 12 93 186 
0 1 4 13 129 252 
0 1 4 39 63 93 
0 1 12 16 17 265 
0 1 12 16 47 93 
0 1 12 16 93 265 
0 1 12 93 186 265 
0 1 13 20 62 140 
0 1 20 86 186 288 
0 1 62 86 124 155 
0 2 3 31 78 280 
0 2 4 12 16 31 
0 2 4 12 24 31 
0 2 4 12 24 33 
0 2 4 12 31 39 
0 2 4 31 39 63 
0 2 4 31 63 280 
0 2 8 12 16 155 
0 2 8 12 24 33 
0 2 8 16 124 155 
0 2 8 63 78 280 
0 2 31 63 78 280 
0 4 12 17 24 33 
0 6 8 57 78 280 
0 8 9 16 124 144 
0 8 16 124 144 155 
0 31 35 63 64 124 
0 1 2 4 12 13 62 
0 1 2 4 12 16 62 
0 1 2 4 12 24 186 
0 1 2 12 16 62 155 
0 1 2 12 16 62 265 
0 1 2 16 62 124 155 
0 1 2 16 62 124 265 
0 1 2 62 124 140 265 
